1254 
1195 
797 
787 
630 
673 
577 
609 
541 
572 
770 
939 
1074 
1198 
1303 
1221 
1200 
1283 
1412 
1342 
1364 
1475 
1411 
1379 
1407 
1357 
1339 
1486 
1536 
1623 
1672 
1672 
1664 
1664 
1657 
1630 
1518 
1437 
1325 
1241 
1241 
1255 
1233 
1084 
1107 
1034 
916 
1028 
1110 
1027 
1061 
1034 
920 
839 
787 
788 
873 
848 
874 
847 
836 
836 
810 
811 
783 
813 
765 
711 
711 
720 
822 
890 
864 
756 
804 
854 
854 
870 
870 
868 
781 
727 
827 
801 
835 
871 
871 
898 
1004 
1088 
1059 
1082 
1133 
1133 
1368 
1266 
1196 
1111 
1170 
1122 
1070 
1070 
1053 
1053 
1054 
1157 
1126 
1058 
1264 
1230 
1154 
1154 
1161 
1055 
1002 
1002 
1016 
1036 
1171 
904 
929 
896 
929 
969 
969 
968 
1071 
1141 
1246 
1328 
1226 
1267 
1235 
1087 
1087 
1086 
1185 
1259 
1396 
1364 
1391 
1438 
1418 
1366 
1508 
1483 
1510 
1477 
1432 
1432 
1429 
1456 
1354 
1309 
1194 
1225 
1183 
1338 
1281 
1304 
1272 
1204 
1096 
973 
69 
418 
279 
412 
330 
391 
335 
462 
411 
456 
414 
449 
414 
448 
418 
445 
419 
443 
420 
440 
419 
437 
418 
429 
412 
435 
404 
451 
418 
444 
417 
443 
389 
416 
381 
408 
375 
401 
366 
392 
358 
383 
348 
382 
349 
383 
351 
386 
359 
393 
367 
400 
354 
385 
359 
386 
360 
384 
357 
409 
382 
413 
387 
421 
395 
429 
405 
436 
402 
437 
404 
431 
395 
422 
389 
416 
382 
409 
377 
403 
376 
404 
380 
415 
363 
395 
363 
396 
362 
395 
361 
394 
363 
422 
387 
412 
385 
411 
384 
410 
383 
410 
383 
407 
382 
413 
384 
448 
414 
450 
418 
450 
418 
450 
417 
447 
413 
435 
376 
404 
378 
405 
379 
403 
377 
408 
382 
412 
389 
422 
390 
416 
352 
383 
346 
377 
345 
377 
344 
377 
347 
382 
360 
393 
507 
507 
523 
586 
562 
593 
562 
592 
561 
591 
558 
590 
565 
598 
567 
592 
561 
593 
561 
591 
663 
663 
661 
762 
729 
621 
621 
608 
647 
647 
651 
763 
733 
766 
736 
769 
737 
771 
737 
792 
853 
937 
906 
928 
898 
834 
929 
896 
875 
875 
871 
972 
943 
871 
871 
864 
836 
836 
869 
869 
859 
859 
860 
860 
837 
752 
702 
702 
712 
712 
705 
610 
662 
582 
605 
575 
509 
509 
508 
508 
512 
532 
532 
496 
597 
574 
597 
562 
596 
564 
597 
663 
663 
685 
685 
683 
780 
811 
896 
873 
898 
863 
892 
862 
893 
862 
792 
792 
793 
692 
723 
700 
731 
697 
726 
693 
616 
765 
710 
742 
711 
644 
691 
697 
843 
819 
842 
813 
843 
811 
858 
916 
916 
916 
1052 
1129 
1129 
1385 
1385 
1381 
1466 
1443 
1314 
1399 
1367 
1394 
1363 
1272 
1182 
1083 
1198 
1175 
1236 
1291 
1291 
1269 
1176 
1207 
1176 
1069 
962 
993 
706 
738 
713 
659 
659 
671 
586 
614 
587 
614 
574 
598 
550 
470 
470 
570 
635 
808 
784 
813 
783 
852 
822 
847 
817 
866 
915 
915 
928 
928 
944 
1029 
1001 
1070 
1044 
1110 
1086 
1117 
1082 
1114 
953 
833 
660 
735 
795 
4 
2 
14 
51 
63 
52 
52 
58 
69 
71 
95 
93 
89 
83 
82 
80 
78 
78 
77 
75 
74 
75 
74 
73 
70 
70 
70 
70 
65 
62 
64 
64 
60 
55 
53 
42 
42 
42 
42 
40 
40 
7 
3 
8 
6 
9 
7 
9 
8 
9 
8 
9 
8 
9 
8 
8 
8 
8 
8 
9 
8 
9 
8 
9 
8 
9 
8 
9 
8 
9 
8 
9 
8 
9 
8 
9 
8 
9 
8 
9 
8 
9 
8 
9 
8 
8 
8 
8 
8 
8 
7 
8 
7 
8 
7 
8 
7 
8 
7 
8 
30 
15 
16 
45 
54 
54 
63 
55 
51 
46 
85 
42 
41 
31 
32 
27 
34 
30 
32 
39 
46 
42 
41 
38 
37 
36 
27 
14 
21 
28 
23 
22 
26 
31 
27 
26 
28 
34 
35 
33 
31 
