1254
1135
0
758
0
891
0
830
0
850
2751
2800
2694
2808
2770
0
856
2697
3734
0
1824
3803
0
637
2077
0
682
3675
2025
2170
2115
0
635
0
675
2080
1
663
0
679
0
1198
2159
0
580
0
855
2803
2677
0
863
0
832
0
848
2159
2125
0
653
0
1811
0
0
19
0
736
0
814
0
793
2550
2576
2131
0
1197
2113
0
1216
0
795
0
777
2488
0
844
2724
0
670
2669
2116
0
586
2067
0
6670
0
828
0
1490
0
816
0
789
0
824
2564
0
793
5135
0
832
0
852
0
799
0
930
2582
3366
0
613
0
828
2500
0
791
2587
2540
2621
2874
0
1033
0
1437
0
805
2455
2711
3428
0
674
2113
2075
2067
3539
0
675
0
1364
0
718
3270
0
1474
0
778
0
3876
0
581
0
757
0
353
69
767
0
814
0
693
0
1352
0
862
0
826
0
882
0
848
0
866
0
814
0
812
0
685
0
653
0
1154
0
655
0
654
0
676
0
680
0
649
0
652
0
621
0
838
0
844
0
894
0
842
0
834
0
787
0
678
0
601
0
1293
0
796
0
848
0
855
0
772
0
888
0
683
0
678
0
676
0
660
0
636
0
721
0
863
0
802
0
801
0
830
0
840
0
1470
0
637
0
662
0
658
0
661
0
595
0
785
0
1594
0
922
0
790
0
812
0
738
0
549
0
691
0
676
0
610
0
780
0
763
0
829
0
633
0
775
0
767
0
790
0
810
0
863
0
833
3548
0
1068
1589
0
783
0
738
0
752
0
809
0
833
0
608
0
787
0
744
2621
0
818
2518
0
859
0
727
2575
0
885
2788
0
826
0
831
0
843
0
1373
2121
2114
0
555
0
1007
2374
0
2002
0
749
2519
0
794
0
690
2093
0
1648
0
587
0
872
0
800
0
849
0
819
0
818
0
1316
0
569
0
873
0
767
0
787
2582
0
760
2536
0
568
0
842
0
842
2496
0
1355
0
778
2436
2090
2121
0
604
0
739
0
796
0
836
0
796
0
773
0
769
0
724
13
563
3717
0
794
0
774
3254
2266
3664
0
574
0
754
0
1164
2309
0
779
3412
2683
0
7169
0
638
2123
0
491
2119
0
665
0
996
0
1204
2861
0
1529
2123
0
612
0
766
0
749
0
769
0
809
0
767
0
799
0
695
0
661
0
596
0
861
0
4039
3760
4318
0
743
0
1736
0
628
0
1226
2030
0
1099
0
1200
2124
0
1730
0
1653
0
764
0
806
0
765
0
1866
2254
