39 6
116 5
117 2
179 5
180 2
246 5
247 2
311 5
312 2
376 5
495 7
615 7
730 7
849 7
968 7
969 2
1035 5
1150 7
1287 8
1288 2
1384 6
1512 8
1513 2
1563 5
1656 7
1657 2
1709 5
1830 8
1920 7
2013 7
2105 7
2106 2
2156 5
2157 2
2209 5
2300 7
2301 2
2352 5
2353 2
2405 5
2406 2
2475 6
2568 7
2569 2
2614 5
2615 2
2680 5
2799 7
2916 7
2917 2
2982 5
2983 2
3047 5
3048 2
3114 5
3210 7
3302 7
3303 2
3354 5
3355 2
3430 7
3431 2
3432 2
3441 3
3442 2
3500 5
3501 2
3563 5
3564 2
3624 5
3734 7
3842 7
3935 7
3936 2
4005 6
4097 7
4098 2
4159 6
4160 2
4222 5
4223 2
4284 5
4391 7
4392 2
4457 5
4573 7
4574 2
4628 5
4731 7
4823 7
4824 2
4872 5
4963 7
4964 2
5123 10
5124 2
5186 5
5187 2
5271 6
5272 2
5334 5
5335 2
5396 5
5397 2
5460 5
5571 7
5572 2
5630 5
5787 9
5788 2
5852 5
5853 2
5919 5
5920 2
5981 5
5982 2
6050 5
6162 7
6281 8
6282 2
6325 5
6326 2
6389 5
6499 7
6500 2
6561 5
6675 7
6786 7
6901 7
7009 7
7010 2
7067 6
7068 2
7151 6
7152 2
7214 5
7323 7
7440 7
7570 7
7571 2
7623 5
7715 7
7806 7
7897 7
8016 8
8017 2
8069 5
8070 2
8136 6
8137 2
8193 5
8316 7
8317 2
8400 6
8401 2
8460 5
8461 2
8597 8
8598 2
8641 5
8642 2
8701 5
8702 2
8740 4
1 9
73 5
74 2
137 5
138 2
193 5
194 2
262 6
263 2
329 5
330 2
393 5
394 2
460 5
461 2
525 5
526 2
594 5
595 2
657 5
658 2
720 5
721 2
773 5
774 2
825 5
826 2
894 6
895 2
946 5
947 2
999 5
1000 2
1052 5
1053 2
1105 5
1106 2
1157 5
1158 2
1209 5
1210 2
1255 5
1256 2
1318 5
1319 2
1383 5
1384 2
1450 5
1451 2
1516 5
1517 2
1580 5
1581 2
1642 5
1643 2
1695 5
1696 2
1740 5
1741 2
1819 5
1820 2
1883 5
1884 2
1948 5
1949 2
2013 5
2014 2
2074 5
2075 2
2140 5
2141 2
2194 5
2195 2
2247 5
2248 2
2300 5
2301 2
2352 5
2353 2
2398 5
2399 2
2456 5
2457 2
2522 5
2523 2
2585 5
2586 2
2650 5
2651 2
2714 5
2715 2
2778 5
2779 2
2856 6
2857 2
2907 5
2908 2
2959 5
2960 2
3011 5
3012 2
3063 5
3064 2
3108 5
3109 2
3169 5
3170 2
3257 6
3258 2
3325 5
3326 2
3387 5
3388 2
3450 5
3451 2
3510 5
3511 2
3549 5
3550 2
3602 5
3603 2
3655 5
3656 2
3700 5
3701 2
3762 5
3763 2
3823 5
3824 2
3887 5
3888 2
3938 5
3939 2
3996 5
3997 2
4056 5
4057 2
4118 5
4119 2
4180 5
4181 2
4249 5
4250 2
4314 5
4446 8
4447 2
4506 5
4592 6
4593 2
4653 5
4654 2
4712 5
4713 2
4771 5
4772 2
4833 5
4834 2
4898 5
4899 2
4943 5
4944 2
5005 5
5006 2
5063 5
5173 7
5174 2
5238 5
5348 7
5349 2
5412 5
5413 2
5462 5
5574 7
5575 2
5642 5
5763 7
5764 2
5830 5
5831 2
5895 5
5896 2
5960 5
5961 2
6035 6
6127 7
6219 7
6220 2
6267 4
6268 2
6325 5
6430 7
6431 2
6527 6
6528 2
6587 5
6695 7
6696 2
6755 5
6756 2
6809 5
6900 7
6901 2
6982 6
6983 2
7025 5
7026 2
7089 5
7090 2
7151 5
7152 2
7217 5
7218 2
7281 5
7282 2
7344 5
7345 2
7424 5
7425 2
7467 5
7468 2
7533 5
7534 2
7593 5
7594 2
7655 5
7767 7
7768 2
7827 5
7938 7
7939 2
7980 5
7981 2
8044 5
8045 2
8110 5
8222 7
8223 2
8302 5
8303 2
8364 5
8474 7
8566 7
8658 7
8659 2
8702 5
8703 2
8760 5
8761 2
8822 5
8823 2
8885 5
8886 2
8947 5
8948 2
9008 5
9009 2
9069 5
9070 2
9117 5
9124 2
9173 4
9303 8
9304 2
9364 5
9365 2
9424 5
9548 7
9652 7
9773 8
9774 2
9817 5
9818 2
9876 5
9877 2
9949 5
10051 7
10052 2
10111 5
10238 7
10351 7
10352 2
10521 11
10522 2
10572 5
10664 7
10665 2
10701 5
10793 7
10794 2
10845 5
10846 2
10909 5
10910 2
10979 6
11086 7
11087 2
11165 6
11257 7
11258 2
11302 5
11303 2
11361 5
11362 2
11418 5
11419 2
11477 5
11478 2
11540 5
11541 2
11601 5
11602 2
11664 5
11665 2
11717 5
11718 2
11769 5
11770 2
11813 5
11814 2
11878 5
11879 2
12016 8
12151 8
12295 8
12296 2
12354 5
12355 2
12438 6
12439 2
12489 5
12490 2
12560 6
12650 7
12651 2
12717 5
12718 2
12787 6
12879 7
12880 2
12956 7
12957 2
13042 6
13043 2
13103 5
13104 2
13166 5
13167 2
13228 5
13229 2
13324 6
13423 7
